$ANSIBLE_VAULT;1.1;AES256
62396164626631333937623565396333626533316139613938616235356238353438363132306163
6466653066363263373438666133613935303230656239360a363431346362646563366463393539
61316531336562663662633032353439653739323532333135383265316564383064393862353062
3862366465353832310a633865616565363965396535633434396563376439376165653633336337
32626432613562356633363533303332373263626661366366333436326363613361643737623739
63373965376335343261313839326438376365343239643462326561303633636636616633623331
63623233633438383537633364326436376561303737396361386633613262643930303031663732
34383333636232623631376166636664646662663664393962623636653038626634386433303034
37613264343637636332643439363731336131343364663435623338303433343838316663373138
32366335313465393837666637653634366266373264643736386236646531626433643139636531
66303864613233336566646161646162346662643665646562316534663431623561623962343531
32376662353833653966613535323030303330336464353939623365643962653432383163343337
31336566646465303039306363363238656161663962623830303932326139323534396565396463
35333234346131353635636461336263613732346535666266653533653265643332663837613561
35393739643637616434616632306265663437326564326263666139353935646133613561313533
62663431666236363037613762636364666261353736353234636461646565336439383466393966
34383964666235633461633334653761313233303430363337393333363962383133643130306131
31313465643735343462663632363465343635626164656335363535323338663235623965626361
63613466633435616531376365316264343533363734336630633635343733393162373934666363
39326238313436313763623431353933396532643934333765373632326135353838323562633333
61393966623338346435366361323764373164316261633134633536613664363565306164363130
33623032373664363931333035336235636438316534396463393936666238353135346563636266
36373136363431373833343232333962353061616263353662666361393565353238653630373237
39656232623333626637303835643065623164363165316535656166343462653634376263353430
66663663623832643139623236343366346330333530376532363131636635613939333065636364
61663066396138373231353262363037643730646538383838633863303661363730356161666162
31343132356164303635326663353462346666336131613365613964303063376562363932636633
62393737646437353337
